Elemento 0, scale = 1.878297e+07, size = 4
[[ 1.    0.5  -1.   -0.5 ]
 [ 0.5   0.25 -0.5  -0.25]
 [-1.   -0.5   1.    0.5 ]
 [-0.5  -0.25  0.5   0.25]]
Elemento 1, scale = 2.625000e+07, size = 4
[[ 1.  0. -1.  0.]
 [ 0.  0.  0.  0.]
 [-1.  0.  1.  0.]
 [ 0.  0.  0.  0.]]
Elemento 2, scale = 5.250000e+07, size = 4
[[ 0.  0.  0.  0.]
 [ 0.  1.  0. -1.]
 [ 0.  0.  0.  0.]
 [ 0. -1.  0.  1.]]
Elemento 3, scale = 1.878297e+07, size = 4
[[ 1.   -0.5  -1.    0.5 ]
 [-0.5   0.25  0.5  -0.25]
 [-1.    0.5   1.   -0.5 ]
 [ 0.5  -0.25 -0.5   0.25]]
Elemento 4, scale = 2.625000e+07, size = 4
[[ 1.  0. -1.  0.]
 [ 0.  0.  0.  0.]
 [-1.  0.  1.  0.]
 [ 0.  0.  0.  0.]]


Matriz Global , scale factor = 6.189149e+07
[[ 0.72761173  0.15174116 -0.30348231 -0.15174116  0.          0.
  -0.42412942  0.        ]
 [ 0.15174116  0.07587058 -0.15174116 -0.07587058  0.          0.
   0.          0.        ]
 [-0.30348231 -0.15174116  0.60696462  0.         -0.30348231  0.15174116
   0.          0.        ]
 [-0.15174116 -0.07587058  0.          1.          0.15174116 -0.07587058
   0.         -0.84825884]
 [ 0.          0.         -0.30348231  0.15174116  0.72761173 -0.15174116
  -0.42412942  0.        ]
 [ 0.          0.          0.15174116 -0.07587058 -0.15174116  0.07587058
   0.          0.        ]
 [-0.42412942  0.          0.          0.         -0.42412942  0.
   0.84825884  0.        ]
 [ 0.          0.          0.         -0.84825884  0.          0.
   0.          0.84825884]]

 su determinante: 0.000000e+00